  Time                  V(Q1:c)               V(C1:B)              
  0.000000000000e+000  3.367518937436e+000  0.000000000000e+000  
  1.250000000000e-007  3.367478274556e+000  7.853900888711e-006  
  2.500000000000e-007  3.367411788804e+000  1.570731731182e-005  
  5.000057220459e-007  3.367207417878e+000  3.141111842747e-005  
  1.000017166138e-006  3.366697932234e+000  6.279159598119e-005  
  2.000040054321e-006  3.365370874057e+000  1.253357304063e-004  
  4.000085830688e-006  3.362525252724e+000  2.486951106345e-004  
  8.000177383423e-006  3.357175562660e+000  4.817634407982e-004  
  1.600036048889e-005  3.349180070546e+000  8.443400618615e-004  
  2.850036048889e-005  3.347818894145e+000  9.759118207036e-004  
  4.100036048889e-005  3.359632136570e+000  5.358076706578e-004  
  5.350036048889e-005  3.375728241221e+000  -2.181653460359e-004  
  5.506286048889e-005  3.377417208291e+000  -3.127709061432e-004  
  5.545348548889e-005  3.377831341869e+000  -3.359866660065e-004  
  5.623473548889e-005  3.378630302568e+000  -3.817971659242e-004  
  5.779723548889e-005  3.379798313318e+000  -4.705506716475e-004  
  6.006621742249e-005  3.380099654672e+000  -5.911461216877e-004  
  6.185664558411e-005  3.380208022311e+000  -6.779534427974e-004  
  6.377543830872e-005  3.380310793675e+000  -7.614430301069e-004  
  6.761302375793e-005  3.380461728982e+000  -8.942080398955e-004  
  7.528819465637e-005  3.380529290936e+000  -9.998360581913e-004  
  8.778819465637e-005  3.379928792256e+000  -6.941874053248e-004  
  9.867839241028e-005  3.368869671432e+000  -8.294365437542e-005  
  1.086332263947e-004  3.354289903152e+000  5.162286491912e-004  
  1.188276233673e-004  3.346307147802e+000  9.257349681390e-004  
  1.313276233673e-004  3.347945947237e+000  9.220021203506e-004  
  1.437726917267e-004  3.361689812780e+000  3.813658103790e-004  
  1.562726917267e-004  3.377581987424e+000  -3.840002764321e-004  
  1.578351917267e-004  3.379129578950e+000  -4.726536681889e-004  
  1.609601917267e-004  3.380067335900e+000  -6.354947688790e-004  
  1.613483371735e-004  3.380095369155e+000  -6.541339472120e-004  
  1.621246280670e-004  3.380146156275e+000  -6.902343307712e-004  
  1.636772098541e-004  3.380237520733e+000  -7.574277466970e-004  
  1.667823734283e-004  3.380373826673e+000  -8.696375205696e-004  
  1.729927005768e-004  3.380485961320e+000  -9.920571146033e-004  
  1.854133548737e-004  3.380070227283e+000  -7.934799979009e-004  
  1.979133548737e-004  3.369088102679e+000  -1.307324952791e-004  
  2.092445316315e-004  3.352411696457e+000  5.487356124446e-004  
  2.207160892487e-004  3.344866365617e+000  9.639930016440e-004  
  2.332160892487e-004  3.348657472368e+000  8.696852035131e-004  
  2.457160892487e-004  3.363638451490e+000  2.659276081594e-004  
  2.582160892487e-004  3.379005211730e+000  -4.936067734446e-004  
  2.584114017487e-004  3.379180647246e+000  -5.042419810338e-004  
  2.588020267487e-004  3.379515346776e+000  -5.252829950622e-004  
  2.595832767487e-004  3.379867784467e+000  -5.664033068889e-004  
  2.607257785797e-004  3.380014020804e+000  -6.240542138603e-004  
  2.624374332428e-004  3.380136526473e+000  -7.043215566816e-004  
  2.643138828278e-004  3.380241249782e+000  -7.829337605433e-004  
  2.680667819977e-004  3.380388331111e+000  -9.066056672342e-004  
  2.755725803375e-004  3.380447242591e+000  -9.993529233045e-004  
  2.880725803375e-004  3.379703006970e+000  -6.812156419915e-004  
  3.005725803375e-004  3.365084642540e+000  3.596852349942e-005  
  3.120990695953e-004  3.349103470490e+000  6.890714446770e-004  
  3.225055637360e-004  3.344472638095e+000  9.877429665786e-004  
  3.350055637360e-004  3.350295159857e+000  8.088114670710e-004  
  3.475055637360e-004  3.366034135999e+000  1.560891795561e-004  
  3.490680637360e-004  3.368118385521e+000  5.852182652834e-005  
  3.521930637360e-004  3.372181778622e+000  -1.373586163751e-004  
  3.584430637360e-004  3.379163367651e+000  -5.059589370237e-004  
  3.623241367340e-004  3.380123447458e+000  -6.992503732797e-004  
  3.663845005035e-004  3.380336391672e+000  -8.570252564740e-004  
  3.715221347809e-004  3.380456383261e+000  -9.762192049360e-004  
  3.775196018219e-004  3.380415879554e+000  -9.874949239121e-004  
  3.881763401031e-004  3.379635998664e+000  -6.764284449190e-004  
  3.991275730133e-004  3.366981489874e+000  -5.478875626446e-005  
  4.089969577789e-004  3.352412012887e+000  5.356653932698e-004  
  4.186771335602e-004  3.345229510845e+000  9.221178035107e-004  
  4.311771335602e-004  3.346752044256e+000  9.256218959802e-004  
  4.433643283844e-004  3.360244020601e+000  4.049567645873e-004  
  4.558643283844e-004  3.376393725475e+000  -3.601853947479e-004  
  4.574268283844e-004  3.377992373099e+000  -4.498893063603e-004  
  4.578174533844e-004  3.378376218190e+000  -4.716711946288e-004  
  4.585987033844e-004  3.379108259513e+000  -5.143696704402e-004  
  4.587940158844e-004  3.379282800407e+000  -5.248546248170e-004  
  4.591846408844e-004  3.379607141577e+000  -5.455858429506e-004  
  4.599658908844e-004  3.379905054060e+000  -5.860500679347e-004  
  4.610618534088e-004  3.380030391709e+000  -6.404136636009e-004  
  4.627866687775e-004  3.380151887130e+000  -7.197277506271e-004  
  4.646326007843e-004  3.380252843645e+000  -7.952339968402e-004  
  4.683244647980e-004  3.380392949711e+000  -9.133186713854e-004  
  4.757081928253e-004  3.380444580938e+000  -9.990101688273e-004  
  4.882081928253e-004  3.379557747269e+000  -6.749530687402e-004  
  5.007081928253e-004  3.364725081541e+000  4.448238504960e-005  
  5.111604633331e-004  3.350267051317e+000  6.451599362612e-004  
  5.219392719269e-004  3.343598236564e+000  9.815651189003e-004  
  5.344392719269e-004  3.349599350236e+000  8.292192658268e-004  
  5.469392719269e-004  3.365216683282e+000  1.911280130130e-004  
  5.594392719269e-004  3.379775608950e+000  -5.589234376743e-004  
  5.667161884308e-004  3.380368139288e+000  -8.675769810786e-004  
  5.722604694366e-004  3.380481256850e+000  -9.852222103959e-004  
  5.819925251007e-004  3.380271982809e+000  -9.050269249217e-004  
  5.904245319366e-004  3.377635755134e+000  -5.659988932777e-004  
  5.993143024445e-004  3.366493452795e+000  -4.307032064866e-005  
  6.086740436554e-004  3.353307910115e+000  5.184234234908e-004  
  6.186059894562e-004  3.344753852442e+000  9.203790673153e-004  
  6.311059894562e-004  3.346864646107e+000  9.273043561083e-004  
  6.436059894562e-004  3.360901134953e+000  3.910273295407e-004  
  6.561059894562e-004  3.377050605254e+000  -3.743082034133e-004  
  6.576684894562e-004  3.378620279399e+000  -4.633975283059e-004  
  6.607934894562e-004  3.380039282798e+000  -6.273728635712e-004  
  6.645044269562e-004  3.380293599621e+000  -7.903254642693e-004  
  6.666757526398e-004  3.380379748133e+000  -8.663107069077e-004  
  6.700498523712e-004  3.380468448167e+000  -9.520197882566e-004  
  6.767980518341e-004  3.380461896174e+000  -9.936251174733e-004  
  6.892980518341e-004  3.378852493456e+000  -6.228835458348e-004  
  7.017599048615e-004  3.363398500493e+000  1.103528722561e-004  
  7.126302661896e-004  3.349053938530e+000  7.128706057492e-004  
  7.238332691193e-004  3.343842653834e+000  9.973141817230e-004  
  7.363332691193e-004  3.351804501809e+000  7.569976919945e-004  
  7.488332691193e-004  3.368000833543e+000  7.324222098083e-005  
  7.503957691193e-004  3.370018784124e+000  -2.486434443494e-005  
  7.535207691193e-004  3.373979146409e+000  -2.194165898276e-004  
  7.543020191193e-004  3.374903909296e+000  -2.670242499813e-004  
  7.558645191193e-004  3.376666159011e+000  -3.601965745747e-004  
  7.589895191193e-004  3.379681843434e+000  -5.352706608987e-004  
  7.614374103546e-004  3.380106752102e+000  -6.583568548186e-004  
  7.640016498566e-004  3.380259841260e+000  -7.705793162664e-004  
  7.679040851593e-004  3.380420682775e+000  -9.022446749796e-004  
  7.724626483917e-004  3.380497613894e+000  -9.873184894649e-004  
  7.815797748566e-004  3.380310713752e+000  -9.157524402223e-004  
  7.896532001495e-004  3.378464275174e+000  -6.052728632100e-004  
  7.997926654816e-004  3.365973585506e+000  -1.302684353110e-005  
  8.090562763214e-004  3.352933214909e+000  5.388089366418e-004  
  8.189577045441e-004  3.344589504991e+000  9.287949121657e-004  
  8.314577045441e-004  3.347155445730e+000  9.188068049700e-004  
  8.439577045441e-004  3.361369938762e+000  3.705941326236e-004  
  8.564577045441e-004  3.377446767464e+000  -3.947075564779e-004  
  8.580202045441e-004  3.378964895103e+000  -4.828657472474e-004  
  8.611452045441e-004  3.380099935605e+000  -6.444271184519e-004  
  8.646127643585e-004  3.380304093967e+000  -7.944777083854e-004  
  8.682687702179e-004  3.380443891235e+000  -9.118879693744e-004  
  8.725191059113e-004  3.380510365030e+000  -9.878754221574e-004  
  8.810197772980e-004  3.380348454684e+000  -9.293183202721e-004  
  8.904207172394e-004  3.377778916034e+000  -5.661964743562e-004  
  8.992631855011e-004  3.366742321150e+000  -4.627888487526e-005  
  9.085359516144e-004  3.353572947765e+000  5.109844511698e-004  
  9.184160175323e-004  3.344918858684e+000  9.156461986105e-004  
  9.309160175323e-004  3.346807062052e+000  9.317060424886e-004  
  9.434160175323e-004  3.360703361213e+000  4.019851228219e-004  
  9.559160175323e-004  3.376901485205e+000  -3.632132299217e-004  
  9.574785175323e-004  3.378486409929e+000  -4.527874208559e-004  
  9.578691425323e-004  3.378861488218e+000  -4.745324631410e-004  
  9.586503925323e-004  3.379561267087e+000  -5.171520996550e-004  
  9.588139715195e-004  3.379686974080e+000  -5.259214785092e-004  
  9.591411294937e-004  3.379855849833e+000  -5.432926473882e-004  
  9.597954454422e-004  3.379988757393e+000  -5.773390669057e-004  
  9.611040773392e-004  3.380101344684e+000  -6.424489974705e-004  
  9.623930635452e-004  3.380192143725e+000  -7.023397942625e-004  
  9.648661317825e-004  3.380328060776e+000  -8.040444622763e-004  
  9.698122682571e-004  3.380488595830e+000  -9.473454189073e-004  
  9.797045412064e-004  3.380407843072e+000  -9.566289705637e-004  
  9.894045534134e-004  3.378794101201e+000  -6.176346311570e-004  
  1.000000000000e-003  3.365902012244e+000  -2.449212707645e-018  
