16.37
12.16
10.36
10.40
9.76
9.93
8.31
9.84
10.26
6.99
9.77
7.14
10.25
11.02
12.62
8.39
8.81
10.77
9.13
9.60
10.02
11.40
6.21
8.68
8.91
10.24
8.25
7.05
9.65
9.78
10.38
11.53
7.95
9.37
11.75
11.40
10.34
7.42
5.89
9.63
15.37
11.18
7.45
10.61
8.78
10.11
9.82
10.32
10.44
9.67
8.42
10.62
10.41
9.52
8.71
12.27
12.03
9.99
9.19
11.30
10.19
11.34
9.75
10.45
11.39
9.35
12.94
12.90
11.76
9.32
12.94
12.90
11.76
9.32
11.25
11.21
6.91
10.17
9.08
7.20
9.14
9.74
12.96
11.97
13.84
12.11
9.93
9.74
9.86
11.12
10.80
12.47
10.14
9.76
10.23
13.26
8.56
12.13
10.65
10.50
11.56
11.44
10.46
8.39
11.71
10.05
10.18
11.24
9.82
8.55
12.34
12.93
9.54
7.03
8.81
9.64
9.40
11.74
11.84
11.29
9.64
9.62
11.34
8.49
9.74
10.90
10.08
11.33
10.21
9.24
9.25
9.09
9.27
7.51
11.09
6.65
9.12
10.24
12.26
11.99
8.74
11.66
11.20
8.81
7.41
10.91
9.41
8.47
10.15
9.81
9.94
8.44
12.40
11.26
12.46
8.97
7.09
9.83
10.57
8.61
9.85
8.13
8.49
10.64
10.73
11.62
11.90
9.05
8.99
8.00
10.26
10.15
9.48
10.39
11.61
9.73
13.36
8.77
11.11
10.01
9.90
10.42
7.44
8.79
8.11
9.38
8.70
8.72
10.71
10.56
12.96
8.56
8.47
9.83
11.69
11.23
11.07
10.94
8.75
9.71
10.93
9.81
10.93
11.19

