linux2[101]% ls
hardPuzzle.txt	proj3.py  puzzleA.txt  puzzleB.txt  puzzleC.txt
linux2[102]% python3 proj3.py
Enter the filename of the Sudoku Puzzle: puzzleA.txt

    1 2 3 | 4 5 6 | 7 8 9 
  +-------+-------+-------+
1 | _ _ _ | 2 1 5 | 3 7 6 |
2 | 3 1 2 | 8 7 6 | 5 4 9 |
3 | 6 7 5 | 4 3 9 | 8 1 2 |
  +-------+-------+-------+
4 | 2 6 1 | 5 4 3 | 7 9 8 |
5 | 4 5 8 | 7 9 1 | 6 2 3 |
6 | 9 3 7 | 6 2 8 | 4 5 1 |
  +-------+-------+-------+
7 | 5 4 6 | 1 8 2 | 9 3 7 |
8 | 1 8 9 | 3 5 7 | 2 6 4 |
9 | 7 2 3 | 9 6 4 | 1 8 5 |
  +-------+-------+-------+
play (p) or solve (s)? p
correctness checking? (y/n): n

    1 2 3 | 4 5 6 | 7 8 9 
  +-------+-------+-------+
1 | _ _ _ | 2 1 5 | 3 7 6 |
2 | 3 1 2 | 8 7 6 | 5 4 9 |
3 | 6 7 5 | 4 3 9 | 8 1 2 |
  +-------+-------+-------+
4 | 2 6 1 | 5 4 3 | 7 9 8 |
5 | 4 5 8 | 7 9 1 | 6 2 3 |
6 | 9 3 7 | 6 2 8 | 4 5 1 |
  +-------+-------+-------+
7 | 5 4 6 | 1 8 2 | 9 3 7 |
8 | 1 8 9 | 3 5 7 | 2 6 4 |
9 | 7 2 3 | 9 6 4 | 1 8 5 |
  +-------+-------+-------+
play number (p), save (s), undo (u), quit (q): p
Enter a row number (1-9): 1
Enter a column number (1-9): 1
Enter a number to put in cell (1, 1): 8

    1 2 3 | 4 5 6 | 7 8 9 
  +-------+-------+-------+
1 | 8 _ _ | 2 1 5 | 3 7 6 |
2 | 3 1 2 | 8 7 6 | 5 4 9 |
3 | 6 7 5 | 4 3 9 | 8 1 2 |
  +-------+-------+-------+
4 | 2 6 1 | 5 4 3 | 7 9 8 |
5 | 4 5 8 | 7 9 1 | 6 2 3 |
6 | 9 3 7 | 6 2 8 | 4 5 1 |
  +-------+-------+-------+
7 | 5 4 6 | 1 8 2 | 9 3 7 |
8 | 1 8 9 | 3 5 7 | 2 6 4 |
9 | 7 2 3 | 9 6 4 | 1 8 5 |
  +-------+-------+-------+
play number (p), save (s), undo (u), quit (q): p
Enter a row number (1-9): 1
Enter a column number (1-9): 2
Enter a number to put in cell (1, 2): 9

    1 2 3 | 4 5 6 | 7 8 9 
  +-------+-------+-------+
1 | 8 9 _ | 2 1 5 | 3 7 6 |
2 | 3 1 2 | 8 7 6 | 5 4 9 |
3 | 6 7 5 | 4 3 9 | 8 1 2 |
  +-------+-------+-------+
4 | 2 6 1 | 5 4 3 | 7 9 8 |
5 | 4 5 8 | 7 9 1 | 6 2 3 |
6 | 9 3 7 | 6 2 8 | 4 5 1 |
  +-------+-------+-------+
7 | 5 4 6 | 1 8 2 | 9 3 7 |
8 | 1 8 9 | 3 5 7 | 2 6 4 |
9 | 7 2 3 | 9 6 4 | 1 8 5 |
  +-------+-------+-------+
play number (p), save (s), undo (u), quit (q): p
Enter a row number (1-9): 1
Enter a column number (1-9): 3
Enter a number to put in cell (1, 3): 4

    1 2 3 | 4 5 6 | 7 8 9 
  +-------+-------+-------+
1 | 8 9 4 | 2 1 5 | 3 7 6 |
2 | 3 1 2 | 8 7 6 | 5 4 9 |
3 | 6 7 5 | 4 3 9 | 8 1 2 |
  +-------+-------+-------+
4 | 2 6 1 | 5 4 3 | 7 9 8 |
5 | 4 5 8 | 7 9 1 | 6 2 3 |
6 | 9 3 7 | 6 2 8 | 4 5 1 |
  +-------+-------+-------+
7 | 5 4 6 | 1 8 2 | 9 3 7 |
8 | 1 8 9 | 3 5 7 | 2 6 4 |
9 | 7 2 3 | 9 6 4 | 1 8 5 |
  +-------+-------+-------+
You win!

linux2[105]% 

