               
  0.000000000000e+000  -2.623112806881e-017  0.000000000000e+000  
  1.250000000000e-007  1.164227200910e-003  4.712340533227e-002  
  2.500000000000e-007  3.463456158018e-003  9.424390387092e-002  
  5.000057220459e-007  1.238147335204e-002  1.884667105648e-001  
  1.000017166138e-006  3.842407846788e-002  3.767495758871e-001  
  2.000040054321e-006  1.350179724354e-001  7.520143824378e-001  
  4.000085830688e-006  4.655632533237e-001  1.492170663807e+000  
  8.000177383423e-006  1.436120718463e+000  2.890580644789e+000  
  1.143950843811e-005  2.153886395186e+000  3.950736454017e+000  
  1.525573158264e-005  2.286049113634e+000  4.910140432109e+000  
  1.889304542542e-005  2.305489464425e+000  5.563689937724e+000  
  2.166861915588e-005  2.314955672121e+000  5.869038598025e+000  
  2.535476112366e-005  2.319832978692e+000  5.998509489454e+000  
  3.272704505920e-005  2.305669618052e+000  5.306637638959e+000  
  4.522704505920e-005  2.039467622646e+000  1.772511363515e+000  
  5.772704505920e-005  -8.469000173647e-001  -2.799928029215e+000  
  7.022704505920e-005  -4.176984673376e+000  -5.732207556100e+000  
  7.595366859436e-005  -4.261645525123e+000  -5.989231728299e+000  
  8.137664222717e-005  -4.230729182191e+000  -5.524831445230e+000  
  8.734053993225e-005  -4.126919149288e+000  -4.284934776388e+000  
  9.274596595764e-005  -3.523088308858e+000  -2.641000652996e+000  
  9.864653968811e-005  -2.093120068099e+000  -5.096277375649e-001  
  1.104476871490e-004  1.862153958299e+000  3.661839458398e+000  
  1.120101871490e-004  2.184246520245e+000  4.110081372297e+000  
  1.151351871490e-004  2.290377481735e+000  4.883882593666e+000  
  1.176277103424e-004  2.304894064439e+000  5.367724472786e+000  
  1.215125980377e-004  2.315732356992e+000  5.856534775340e+000  
  1.255165042877e-004  2.319820774890e+000  5.996840700949e+000  
  1.335243167877e-004  2.301983310927e+000  5.159779644852e+000  
  1.460243167877e-004  1.932168770942e+000  1.483258376686e+000  
  1.585243167877e-004  -1.096995501165e+000  -3.062135532039e+000  
  1.710243167877e-004  -4.200574111460e+000  -5.813771975920e+000  
  1.764930667877e-004  -4.261717357678e+000  -5.973617197319e+000  
  1.821517887115e-004  -4.223736592915e+000  -5.404351416749e+000  
  1.881141605377e-004  -4.091373742871e+000  -4.075804249942e+000  
  1.937889041901e-004  -3.317582549425e+000  -2.282543637167e+000  
  2.003066959381e-004  -1.558315680280e+000  1.156144889689e-001  
  2.128066959381e-004  2.176544120002e+000  4.323604762203e+000  
  2.193641605377e-004  2.312012643682e+000  5.627732343943e+000  
  2.254119815826e-004  2.317705537357e+000  5.997989924620e+000  
  2.322631778717e-004  2.306859750159e+000  5.385978016178e+000  
  2.397827091217e-004  2.246511583026e+000  3.592652800629e+000  
  2.494644107819e-004  1.190432780786e+000  2.018742708630e-001  
  2.588272037506e-004  -1.401386903768e+000  -3.159770607998e+000  
  2.691940250397e-004  -4.073120050923e+000  -5.605170439466e+000  
  2.751724185944e-004  -4.256105321086e+000  -5.999647917091e+000  
  2.810974063873e-004  -4.236271381590e+000  -5.565036491814e+000  
  2.865776004791e-004  -4.155940646472e+000  -4.481266522261e+000  
  2.922798099518e-004  -3.605167830099e+000  -2.797642131527e+000  
  2.984443607330e-004  -2.164654543679e+000  -5.855288063898e-001  
  3.107734622955e-004  1.939915249492e+000  3.758354826245e+000  
  3.123359622955e-004  2.208607281695e+000  4.198688096391e+000  
  3.154609622955e-004  2.291951800579e+000  4.954196419293e+000  
  3.175888004303e-004  2.303649860050e+000  5.361154081276e+000  
  3.200958194733e-004  2.311663404027e+000  5.717398261770e+000  
  3.248863162994e-004  2.319510282608e+000  5.999846935122e+000  
  3.344673099518e-004  2.297013332697e+000  4.969400008514e+000  
  3.469673099518e-004  1.748044351102e+000  1.136391075855e+000  
  3.594673099518e-004  -1.428273902969e+000  -3.362300336880e+000  
  3.719673099518e-004  -4.220703428541e+000  -5.891401813042e+000  
  3.771346988678e-004  -4.261000807530e+000  -5.946110636910e+000  
  3.831626834869e-004  -4.212759949026e+000  -5.228019855561e+000  
  3.907615604401e-004  -3.809687499327e+000  -3.290493437683e+000  
  3.976905765533e-004  -2.322563077015e+000  -8.675800679237e-001  
  4.092430057526e-004  1.476285875706e+000  3.291932758890e+000  
  4.163368167877e-004  2.280011311770e+000  5.132865727346e+000  
  4.232429447174e-004  2.323441132201e+000  5.963473277763e+000  
  4.278282108307e-004  2.320168855977e+000  5.905515317018e+000  
  4.369987430573e-004  2.276789822240e+000  4.374136127814e+000  
  4.464393558502e-004  1.898479398450e+000  1.331161600214e+000  
  4.589393558502e-004  -1.248107096927e+000  -3.195634194287e+000  
  4.714393558502e-004  -4.210115149696e+000  -5.850470818158e+000  
  4.767875614166e-004  -4.261453388298e+000  -5.962195252524e+000  
  4.826293888092e-004  -4.218864711784e+000  -5.323717778418e+000  
  4.889846744537e-004  -4.033223498632e+000  -3.828993877997e+000  
  4.949058475494e-004  -3.070573110485e+000  -1.887826732449e+000  
  5.024345340729e-004  -8.404098418513e-001  9.142226981292e-001  
  5.120277347565e-004  2.111126070618e+000  4.114898314057e+000  
  5.176818790436e-004  2.302223623619e+000  5.376818058161e+000  
  5.232818546295e-004  2.317305265716e+000  5.965071576330e+000  
  5.292671146393e-004  2.316126921025e+000  5.785638638333e+000  
  5.359275760651e-004  2.287169942844e+000  4.640435232949e+000  
  5.484275760651e-004  1.381691140625e+000  5.918259476688e-001  
  5.597907962799e-004  -1.623087592760e+000  -3.462603172021e+000  
  5.722907962799e-004  -4.225366438212e+000  -5.913280777179e+000  
  5.771926822662e-004  -4.260045581761e+000  -5.943148050923e+000  
  5.835517826080e-004  -4.208448360726e+000  -5.154487549997e+000  
  5.908958377838e-004  -3.792475228403e+000  -3.248046943451e+000  
  5.989265384674e-004  -1.966722948151e+000  -4.043787026699e-001  
  6.114265384674e-004  2.057967490523e+000  3.947055163210e+000  
  6.129890384674e-004  2.240198623606e+000  4.370981904629e+000  
  6.161140384674e-004  2.294471504215e+000  5.088873303048e+000  
  6.179351749420e-004  2.303883354839e+000  5.418511915555e+000  
  6.202156009674e-004  2.311688542090e+000  5.730931543836e+000  
  6.247764530182e-004  2.319391806952e+000  5.999408150244e+000  
  6.338981571198e-004  2.300234364596e+000  5.086436154786e+000  
  6.463981571198e-004  1.862790898667e+000  1.346301608718e+000  
  6.588981571198e-004  -1.224890137234e+000  -3.182478160692e+000  
  6.713981571198e-004  -4.209345131646e+000  -5.847005385525e+000  
  6.767547550201e-004  -4.261529035067e+000  -5.963568756801e+000  
  6.825439395905e-004  -4.219758886758e+000  -5.338498502932e+000  
  6.887702884674e-004  -4.049909288014e+000  -3.890869105670e+000  
  6.946266117096e-004  -3.135329077433e+000  -1.987454042401e+000  
  7.018585147858e-004  -1.037304973620e+000  6.990523062013e-001  
  7.121047916412e-004  2.113474839188e+000  4.135991680816e+000  
  7.179489078522e-004  2.303639581702e+000  5.420733298198e+000  
  7.237403812408e-004  2.317843543235e+000  5.981218402690e+000  
  7.299354496002e-004  2.314647831337e+000  5.713812049602e+000  
  7.368118228912e-004  2.280099484681e+000  4.422067440740e+000  
  7.476272525787e-004  1.594670046182e+000  8.911948298823e-001  
  7.588226261139e-004  -1.286535678661e+000  -3.158303443251e+000  
  7.713226261139e-004  -4.206356544744e+000  -5.840550351019e+000  
  7.767143192291e-004  -4.261042353970e+000  -5.965226817199e+000  
  7.825706424713e-004  -4.219870636099e+000  -5.333896037114e+000  
  7.885681095123e-004  -4.064922933366e+000  -3.948574554831e+000  
  7.945526065826e-004  -3.151723831941e+000  -2.013756703692e+000  
  8.016021671295e-004  -1.123140542233e+000  6.029831471414e-001  
  8.121490421295e-004  2.115534621005e+000  4.148060910754e+000  
  8.180778446198e-004  2.304315861078e+000  5.441392556399e+000  
  8.239547672272e-004  2.318047291996e+000  5.987065461804e+000  
  8.302452030182e-004  2.313865723781e+000  5.677097673706e+000  
  8.372184696198e-004  2.276481274741e+000  4.317021413721e+000  
  8.478660526276e-004  1.542294297129e+000  8.020709634437e-001  
  8.586860599518e-004  -1.262798998453e+000  -3.114413397652e+000  
  8.711860599518e-004  -4.202802432153e+000  -5.828545294327e+000  
  8.766250553131e-004  -4.260977295985e+000  -5.968750725149e+000  
  8.824562015533e-004  -4.221173553484e+000  -5.353515013538e+000  
  8.883964481354e-004  -4.075974706222e+000  -3.997069936255e+000  
  8.943458499908e-004  -3.197390583986e+000  -2.087008914416e+000  
  9.012344303131e-004  -1.247759830441e+000  4.649028104883e-001  
  9.123001041412e-004  2.124280614593e+000  4.189020621767e+000  
  9.183792057037e-004  2.305944459340e+000  5.488283859194e+000  
  9.244071903229e-004  2.318303625783e+000  5.995838390277e+000  
  9.308868350983e-004  2.312028583267e+000  5.594222752454e+000  
  9.380378665924e-004  2.268381403509e+000  4.096864724131e+000  
  9.484489383698e-004  1.411404189298e+000  5.838112909047e-001  
  9.586494388580e-004  -1.290156331670e+000  -3.102604875749e+000  
  9.698341312408e-004  -4.099065124296e+000  -5.686706397162e+000  
  9.760703983307e-004  -4.257277518981e+000  -5.986435364454e+000  
  9.822486820221e-004  -4.226208654002e+000  -5.388384026888e+000  
  9.879005374908e-004  -4.106363631915e+000  -4.134536012028e+000  
  9.937553348541e-004  -3.325487238698e+000  -2.294242365531e+000  
  1.000550073624e-003  -1.481616307623e+000  2.073315871384e-001  
  1.013050073624e-003  2.188534614826e+000  4.386712504599e+000  
  1.019591516495e-003  2.313065690775e+000  5.656877986116e+000  
  1.025726312637e-003  2.317601277056e+000  5.993753268786e+000  
  1.032691186905e-003  2.305037071816e+000  5.312932498785e+000  
  1.040286249161e-003  2.238665371327e+000  3.438842057143e+000  
  1.049891656876e-003  1.092209369023e+000  4.084408017876e-002  
  1.059085077286e-003  -1.500695395419e+000  -3.241995158522e+000  
  1.068902582169e-003  -4.057940874693e+000  -5.565034879085e+000  
  1.074723047256e-003  -4.255052476071e+000  -5.999091591110e+000  
  1.080490869522e-003  -4.240573722734e+000  -5.646449657559e+000  
  1.085439294815e-003  -4.183872558109e+000  -4.754922125458e+000  
  1.091214746475e-003  -3.782366296127e+000  -3.146315502599e+000  
  1.097599786758e-003  -2.438308248770e+000  -9.014330125356e-001  
  1.110099786758e-003  1.743981428143e+000  3.557076181801e+000  
  1.116893762589e-003  2.289869368193e+000  5.238428582818e+000  
  1.123313135147e-003  2.320966724999e+000  5.966330631296e+000  
  1.129639429092e-003  2.316425580419e+000  5.746876444237e+000  
  1.137621301651e-003  2.272624548446e+000  4.210182033469e+000  
  1.150121301651e-003  1.035053820721e+000  -4.572920234914e-002  
  1.161721033096e-003  -2.283263540065e+000  -4.029991429466e+000  
  1.170594018936e-003  -4.158234330108e+000  -5.771550167746e+000  
  1.176190942764e-003  -4.259047273401e+000  -5.983209635927e+000  
  1.181845849991e-003  -4.228628779563e+000  -5.453450676259e+000  
  1.187254327774e-003  -4.132299169503e+000  -4.307622223034e+000  
  1.192831415176e-003  -3.508798591692e+000  -2.612037623097e+000  
  1.198753351212e-003  -2.059679454588e+000  -4.694950815204e-001  
  1.210597223282e-003  1.902699343278e+000  3.706334536907e+000  
  1.212159723282e-003  2.197257190692e+000  4.150969372546e+000  
  1.215284723282e-003  2.291081043441e+000  4.916413646407e+000  
  1.217569345474e-003  2.304021154427e+000  5.357856866791e+000  
  1.221808237076e-003  2.313761168023e+000  5.879749687175e+000  
  1.225784677505e-003  2.319180725393e+000  5.992709196002e+000  
  1.233737558365e-003  2.301449500173e+000  5.118290142645e+000  
  1.245013803482e-003  2.058195304362e+000  1.849152171016e+000  
  1.257513803482e-003  -7.828307937202e-001  -2.728578584336e+000  
  1.270013803482e-003  -4.169237855715e+000  -5.707945010985e+000  
  1.275840372086e-003  -4.261604513860e+000  -5.991637746636e+000  
  1.281196969986e-003  -4.232164414315e+000  -5.550896957664e+000  
  1.287041086197e-003  -4.138036743111e+000  -4.363194162195e+000  
  1.292417520523e-003  -3.583217247022e+000  -2.751611280363e+000  
  1.298049539566e-003  -2.276199506422e+000  -7.334670776157e-001  
  1.309313577652e-003  1.510827133633e+000  3.314143377879e+000  
  1.315957254410e-003  2.276576758286e+000  5.057314599615e+000  
  1.322381204605e-003  2.322049252489e+000  5.918959139631e+000  
  1.326703256607e-003  2.321209318016e+000  5.965673729706e+000  
  1.335347360611e-003  2.289755346227e+000  4.775980436037e+000  
  1.344246286392e-003  2.125294197599e+000  2.122158623910e+000  
  1.356746286392e-003  -5.943460846941e-001  -2.467810122436e+000  
  1.369104379654e-003  -4.125321726248e+000  -5.593024612463e+000  
  1.374511331558e-003  -4.257282098247e+000  -5.997172025696e+000  
  1.379888528824e-003  -4.242422962884e+000  -5.719185049382e+000  
  1.384695810318e-003  -4.196652573025e+000  -4.920616626511e+000  
  1.390371316910e-003  -3.903990776225e+000  -3.412513243073e+000  
  1.396960062027e-003  -2.635958213798e+000  -1.139073905529e+000  
  1.408132547379e-003  1.110473697275e+000  2.934209627489e+000  
  1.414914316177e-003  2.253970257040e+000  4.835045049836e+000  
  1.421845621109e-003  2.325246684490e+000  5.882540919036e+000  
  1.428876871109e-003  2.319759713037e+000  5.822868748276e+000  
  1.437223428726e-003  2.273544711398e+000  4.315722830326e+000  
  1.446644205093e-003  1.873816914029e+000  1.255751671407e+000  
  1.459144205093e-003  -1.321555552423e+000  -3.260729251985e+000  
  1.471644205093e-003  -4.214383447995e+000  -5.867119202791e+000  
  1.476839822769e-003  -4.261165677064e+000  -5.959954909048e+000  
  1.482809061050e-003  -4.217036972766e+000  -5.292138606484e+000  
  1.489327615738e-003  -4.002918943247e+000  -3.728575678823e+000  
  1.495452493668e-003  -2.938437991371e+000  -1.691137500048e+000  
  1.503539651871e-003  -4.584815270544e-001  1.323443768337e+000  
  1.511874002457e-003  2.104843086576e+000  4.072528312220e+000  
  1.517148202896e-003  2.299079964695e+000  5.284527881309e+000  
  1.522478860855e-003  2.316118011004e+000  5.924878148188e+000  
  1.528117746353e-003  2.318069246421e+000  5.885244557499e+000  
  1.534445566177e-003  2.296944801101e+000  4.973988949607e+000  
  1.546945566177e-003  1.732303606325e+000  1.144438855624e+000  
  1.559445566177e-003  -1.418357826059e+000  -3.355507998677e+000  
  1.571945566177e-003  -4.220333135753e+000  -5.889843776004e+000  
  1.577042764664e-003  -4.260964458977e+000  -5.950646111833e+000  
  1.583078378677e-003  -4.213896980682e+000  -5.243541491188e+000  
  1.589883798599e-003  -3.941251975337e+000  -3.562057723845e+000  
  1.596341318130e-003  -2.708456752465e+000  -1.367174383469e+000  
  1.605461496353e-003  2.088860004882e-001  2.018764201357e+000  
  1.612760538101e-003  2.175970336809e+000  4.311521543735e+000  
  1.618570322037e-003  2.309868921283e+000  5.517002670109e+000  
  1.623910135269e-003  2.316376832953e+000  5.985937696342e+000  
  1.629823678970e-003  2.314327960717e+000  5.726529309238e+000  
  1.636249917984e-003  2.284670421355e+000  4.562455874019e+000  
  1.647274393082e-003  1.674159556839e+000  1.022514352738e+000  
  1.659032815933e-003  -1.323149660766e+000  -3.225399375518e+000  
  1.671532815933e-003  -4.211507429806e+000  -5.858186841600e+000  
  1.676829141617e-003  -4.261087139537e+000  -5.960418015154e+000  
  1.682735055923e-003  -4.217965680189e+000  -5.305227658180e+000  
  1.689426034927e-003  -3.992814047750e+000  -3.699435351020e+000  
  1.695518869400e-003  -2.920922730269e+000  -1.667114319816e+000  
  1.703802865982e-003  -3.684196046386e-001  1.420043758423e+000  
  1.712103647232e-003  2.125858793217e+000  4.135679121028e+000  
  1.717373270035e-003  2.300908331838e+000  5.324180011934e+000  
  1.722779459000e-003  2.316377489679e+000  5.941696588005e+000  
  1.728525156021e-003  2.317391184156e+000  5.853424475624e+000  
  1.734879678726e-003  2.294318862486e+000  4.880624967286e+000  
  1.747379678726e-003  1.632592666542e+000  9.833811352442e-001  
  1.759879678726e-003  -1.574660677158e+000  -3.489914028842e+000  
  1.772379678726e-003  -4.227800846714e+000  -5.918864886348e+000  
  1.777408212662e-003  -4.260522084724e+000  -5.931444565166e+000  
  1.783609384537e-003  -4.207016903824e+000  -5.143339013881e+000  
  1.790859598160e-003  -3.797869718071e+000  -3.259525578297e+000  
  1.798585123062e-003  -2.068189353651e+000  -5.326937371056e-001  
  1.810625833511e-003  1.903461897644e+000  3.714810458059e+000  
  1.812188333511e-003  2.198097217355e+000  4.158750680785e+000  
  1.815313333511e-003  2.291313884533e+000  4.922588325262e+000  
  1.817581552505e-003  2.304075104947e+000  5.359926643282e+000  
  1.821802896500e-003  2.313758689833e+000  5.879348291181e+000  
  1.825772470474e-003  2.319181768667e+000  5.992934229770e+000  
  1.833711618423e-003  2.301581466191e+000  5.123386402608e+000  
  1.844974130630e-003  2.061830461653e+000  1.863374713020e+000  
  1.857474130630e-003  -7.715202144144e-001  -2.715249842734e+000  
  1.869974130630e-003  -4.167704908265e+000  -5.703317865846e+000  
  1.875813669205e-003  -4.261590108665e+000  -5.992160612083e+000  
  1.881161111832e-003  -4.232443668199e+000  -5.556014415744e+000  
  1.886944955826e-003  -4.141360631664e+000  -4.387990727556e+000  
  1.892323678970e-003  -3.599979782049e+000  -2.783001133705e+000  
  1.897865671158e-003  -2.331366719754e+000  -8.022134831754e-001  
  1.908949655533e-003  1.391829803116e+000  3.198919860294e+000  
  1.915604013443e-003  2.269925553290e+000  4.984417807541e+000  
  1.922143930435e-003  2.322906822697e+000  5.903649766157e+000  
  1.926781076431e-003  2.321499916593e+000  5.962468768249e+000  
  1.935019296646e-003  2.293226422899e+000  4.849822459149e+000  
  1.943449777603e-003  2.158879078030e+000  2.400251664253e+000  
  1.955949777603e-003  -3.788887754315e-001  -2.191132520575e+000  
  1.967949289322e-003  -4.024574205049e+000  -5.420794945668e+000  
  1.969511789322e-003  -4.194890897968e+000  -5.646788575201e+000  
  1.972636789322e-003  -4.252984399763e+000  -5.933978134712e+000  
  1.975570291519e-003  -4.258378565405e+000  -5.996148513774e+000  
  1.978659051895e-003  -4.248540826297e+000  -5.842128275739e+000  
  1.984364313126e-003  -4.204448464532e+000  -4.991054861839e+000  
  1.990487665176e-003  -3.885582997521e+000  -3.376345276922e+000  
  1.996493524551e-003  -2.755863182290e+000  -1.311241734915e+000  
  2.008499139786e-003  1.216442726476e+000  3.053969357319e+000  
  2.015416711807e-003  2.263085883855e+000  4.944766770587e+000  
  2.022388452530e-003  2.325222677895e+000  5.919406099731e+000  
  2.027728265762e-003  2.321111724265e+000  5.912059165970e+000  
  2.035743707657e-003  2.288314487333e+000  4.684065252069e+000  
  2.044215387344e-003  2.122820576713e+000  2.133050332238e+000  
  2.056715387344e-003  -5.765622668043e-001  -2.457187727135e+000  
  2.069120782852e-003  -4.126310390682e+000  -5.595260315531e+000  
  2.074561304092e-003  -4.257521826026e+000  -5.997720809321e+000  
  2.079953760147e-003  -4.241982611963e+000  -5.711701795206e+000  
  2.084783929825e-003  -4.195093581048e+000  -4.901532123254e+000  
  2.090457910538e-003  -3.892561110902e+000  -3.385612038520e+000  
  2.096883386612e-003  -2.654516371552e+000  -1.167440842273e+000  
  2.108252710342e-003  1.147536086010e+000  2.973639513463e+000  
  2.115063470840e-003  2.256986973754e+000  4.868127821125e+000  
  2.121987909317e-003  2.325157966047e+000  5.892867704739e+000  
  2.127461999893e-003  2.321584075317e+000  5.928354183508e+000  
  2.135306543350e-003  2.291384739757e+000  4.785278935223e+000  
  2.143602746964e-003  2.152510378520e+000  2.347288991580e+000  
  2.156102746964e-003  -4.176125923572e-001  -2.244715645435e+000  
  2.167971033096e-003  -4.028283637194e+000  -5.424303702608e+000  
  2.174224847794e-003  -4.256069322273e+000  -5.992885094838e+000  
  2.179878229141e-003  -4.242845644752e+000  -5.720357836651e+000  
  2.184761041641e-003  -4.195816540265e+000  -4.906503606133e+000  
  2.190571588516e-003  -3.876020237211e+000  -3.350144780887e+000  
  2.197160333633e-003  -2.577105208634e+000  -1.064858122081e+000  
  2.209083551407e-003  1.420768815377e+000  3.241511104663e+000  
  2.215894311905e-003  2.273674772007e+000  5.044506812083e+000  
  2.222574609756e-003  2.323354457228e+000  5.930464976823e+000  
  2.227226251602e-003  2.321061976343e+000  5.941396812462e+000  
  2.236529535294e-003  2.280513121974e+000  4.493295266597e+000  
  2.245103448868e-003  2.068806888694e+000  1.816972518497e+000  
  2.257603448868e-003  -8.303260361019e-001  -2.758633847351e+000  
  2.270103448868e-003  -4.172158510719e+000  -5.718269919043e+000  
  2.275892633438e-003  -4.261514963878e+000  -5.990565618200e+000  
  2.281315607071e-003  -4.231293591611e+000  -5.533765106815e+000  
  2.286708063126e-003  -4.149201725124e+000  -4.448411364500e+000  
  2.292249292374e-003  -3.612085520705e+000  -2.807814643926e+000  
  2.297670740128e-003  -2.388268296169e+000  -8.749789581375e-001  
  2.308513635635e-003  1.247968618712e+000  3.058672028965e+000  
  2.315171808243e-003  2.261018952455e+000  4.891889356368e+000  
  2.321855157852e-003  2.323888460975e+000  5.883247772701e+000  
  2.326934045792e-003  2.321806318901e+000  5.955753390866e+000  
  2.334725183487e-003  2.295104544490e+000  4.914271856852e+000  
  2.342969507217e-003  2.176427123882e+000  2.565072501064e+000  
  2.355469507217e-003  -2.577932929590e-001  -2.021607895224e+000  
  2.367014307022e-003  -3.863889461502e+000  -5.260436351894e+000  
  2.373429864883e-003  -4.247992798607e+000  -5.970825543242e+000  
  2.379353326797e-003  -4.248796056832e+000  -5.776943896333e+000  
  2.384294122696e-003  -4.205241041853e+000  -5.005692537456e+000  
  2.390487665176e-003  -3.884476333508e+000  -3.376345276922e+000  
  2.399711603165e-003  -1.845441785871e+000  -1.087170956804e-001  
  2.412211603165e-003  2.142107182562e+000  4.165069569128e+000  
  2.413774103165e-003  2.261098849129e+000  4.568331885209e+000  
  2.416899103165e-003  2.297763249647e+000  5.239409981783e+000  
  2.418645471573e-003  2.306166051311e+000  5.528077615822e+000  
  2.420884317398e-003  2.313463601612e+000  5.800499854192e+000  
  2.425362009048e-003  2.319792983432e+000  5.998447966400e+000  
  2.434317392349e-003  2.297759362859e+000  5.000850603999e+000  
  2.446817392349e-003  1.781390026836e+000  1.191834493303e+000  
  2.459317392349e-003  -1.374482251147e+000  -3.315342099465e+000  
  2.471817392349e-003  -4.217906384739e+000  -5.880436254273e+000  
  2.477031320572e-003  -4.261156233473e+000  -5.951196800359e+000  
  2.482995981216e-003  -4.214751250872e+000  -5.258569791474e+000  
  2.489692300797e-003  -3.963995590306e+000  -3.619892450113e+000  
  2.495975870132e-003  -2.805014267758e+000  -1.500948559435e+000  
  2.504656595230e-003  -7.042022342864e-002  1.730555643681e+000  
  2.512183755875e-003  2.137446562851e+000  4.157506573911e+000  
  2.517293161392e-003  2.300937223521e+000  5.310188174330e+000  
  2.522574228287e-003  2.315809357533e+000  5.930443144280e+000  
  2.528195566177e-003  2.317798447255e+000  5.879463903742e+000  
  2.534399026871e-003  2.297204463166e+000  4.983779681856e+000  
  2.546805948257e-003  1.764907696106e+000  1.196062533064e+000  
  2.559305948257e-003  -1.368243391257e+000  -3.311745363595e+000  
  2.571805948257e-003  -4.217715868397e+000  -5.879577741386e+000  
  2.576957315445e-003  -4.261103015043e+000  -5.954683621636e+000  
  2.582930368423e-003  -4.215620710215e+000  -5.270435987001e+000  
  2.589557260513e-003  -3.979302266261e+000  -3.660361715122e+000  
  2.595796579361e-003  -2.851590175070e+000  -1.566293909994e+000  
  2.604256052017e-003  -2.095135620206e-001  1.585438877750e+000  
  2.612121957779e-003  2.130497028511e+000  4.140677510573e+000  
  2.617269510269e-003  2.300456991430e+000  5.306031511963e+000  
  2.622602457047e-003  2.316019828685e+000  5.932049549404e+000  
  2.628264993668e-003  2.317757828704e+000  5.874188005643e+000  
  2.634526437759e-003  2.296464117627e+000  4.956874428693e+000  
  2.647026437759e-003  1.714358588217e+000  1.114496079811e+000  
  2.659526437759e-003  -1.447552034605e+000  -3.380738957413e+000  
  2.672026437759e-003  -4.221796774954e+000  -5.895582964227e+000  
  2.677092355728e-003  -4.260873071193e+000  -5.948224245486e+000  
  2.683166116714e-003  -4.212851379742e+000  -5.227384641248e+000  
  2.690665048599e-003  -3.826342310095e+000  -3.320857357798e+000  
  2.697587198257e-003  -2.354350469911e+000  -9.061246175647e-001  
  2.708868021011e-003  1.356051673419e+000  3.172841256081e+000  
  2.715965646744e-003  2.273753870865e+000  5.059016332660e+000  
  2.722978586197e-003  2.324325788541e+000  5.951671028327e+000  
  2.727873605728e-003  2.320437001557e+000  5.902466185787e+000  
  2.736590951920e-003  2.281692611234e+000  4.477917946250e+000  
  2.745511240005e-003  2.019987882869e+000  1.669877087713e+000  
  2.758011240005e-003  -9.413284819800e-001  -2.894234569825e+000  
  2.770511240005e-003  -4.186136510191e+000  -5.762942869050e+000  
  2.776198953629e-003  -4.261815357537e+000  -5.982983103005e+000  
  2.781701272964e-003  -4.227891693245e+000  -5.475953397726e+000  
  2.787713235855e-003  -4.111070651392e+000  -4.185418686057e+000  
  2.793198770523e-003  -3.436718683296e+000  -2.486675314372e+000  
  2.799384683609e-003  -1.859213892635e+000  -2.319110310948e-001  
  2.811756509781e-003  2.100694362355e+000  4.039889893771e+000  
  2.813281053543e-003  2.249106469222e+000  4.445657014449e+000  
  2.816330141068e-003  2.295079777214e+000  5.131562035088e+000  
  2.818080133438e-003  2.304126168797e+000  5.441756066747e+000  
  2.820297998428e-003  2.311848194535e+000  5.740052655420e+000  
  2.824733728409e-003  2.319423981387e+000  5.999160307008e+000  
  2.833605188370e-003  2.301699078218e+000  5.144153435843e+000  
  2.846105188370e-003  1.916739954076e+000  1.453697769607e+000  
  2.858605188370e-003  -1.123752861924e+000  -3.088314334473e+000  
  2.871105188370e-003  -4.202581189276e+000  -5.821233786290e+000  
  2.876553339005e-003  -4.261693000496e+000  -5.971445884208e+000  
  2.882237237930e-003  -4.222893484809e+000  -5.390280351662e+000  
  2.888253778458e-003  -4.083572570138e+000  -4.037021403477e+000  
  2.893956750870e-003  -3.282446768595e+000  -2.223898718364e+000  
  2.900611108780e-003  -1.457812724003e+000  2.303259763288e-001  
  2.913111108780e-003  2.191244725893e+000  4.402378589894e+000  
  2.919644922256e-003  2.313283721717e+000  5.663557066164e+000  
  2.925807947159e-003  2.317580738771e+000  5.992270460188e+000  
  2.932807916641e-003  2.304521439181e+000  5.292341886267e+000  
  2.940428918838e-003  2.236283760822e+000  3.394629809043e+000  
  2.950081628799e-003  1.046001542580e+000  -3.077319747773e-002  
  2.959252161026e-003  -1.560209431962e+000  -3.294817799520e+000  
  2.968828577042e-003  -4.055247188737e+000  -5.554545762147e+000  
  2.974577325821e-003  -4.254724223146e+000  -5.997884237568e+000  
  2.980273431778e-003  -4.241911548779e+000  -5.673644654030e+000  
  2.985117334366e-003  -4.190190559666e+000  -4.827970187948e+000  
  2.990876764297e-003  -3.833850726292e+000  -3.254090433193e+000  
  2.997409814835e-003  -2.500928207295e+000  -9.721719637889e-001  
  3.000000000000e-003  -1.665084668900e+000  4.117929955361e-014  
